%YAML:1.0
---
syringe: !!opencv-object-detector-hog
   winSize: [ 144, 48 ]
   blockSize: [ 16, 16 ]
   blockStride: [ 8, 8 ]
   cellSize: [ 8, 8 ]
   nbins: 9
   derivAperture: 1
   winSigma: 4.
   histogramNormType: 0
   L2HysThreshold: 2.0000000000000001e-01
   gammaCorrection: 1
   nlevels: 64
   signedGradient: 0
   SVMDetector: [ -2.25278502e-03, -3.26147978e-03, -2.17784473e-04,
       7.83621916e-04, -1.86635007e-03, -1.82013144e-03, 3.77009134e-03,
       -1.45027108e-04, -2.14378070e-03, -1.35700672e-03, 1.32415240e-04,
       2.24122941e-03, -1.31341454e-04, -5.22601558e-03, -5.37750171e-03,
       2.93543655e-03, 7.80987204e-04, -3.10672936e-03, 3.51579976e-03,
       -3.66665749e-03, -3.34525161e-04, 1.49859732e-03, -2.85301730e-03,
       -3.75167513e-03, -2.18080822e-04, -1.56193494e-03, 3.27591482e-03,
       4.85597877e-03, -7.56972877e-04, 7.65288807e-03, 6.70184090e-04,
       1.46024986e-05, -6.61992701e-03, -9.13153519e-04, -2.19756388e-03,
       3.30737443e-03, -3.38795967e-03, 1.13117685e-05, -1.49504934e-03,
       2.43842980e-04, -1.23936785e-02, -5.33912145e-03, -5.07184630e-03,
       -1.82374928e-03, -5.44243818e-03, 5.38816536e-03, 4.49132640e-03,
       2.17049848e-03, 4.13199048e-03, -1.42992660e-02, -2.04470940e-03,
       -1.73116964e-03, 1.15669810e-03, -6.70749359e-05, -1.05409464e-03,
       9.29262431e-04, 4.32489393e-03, 2.51377909e-03, -4.10684058e-03,
       -6.06385339e-03, -3.69745796e-03, -3.17799556e-03,
       -3.23254964e-03, 1.08653856e-02, 1.14510963e-02, 8.39738920e-03,
       1.65182203e-02, -4.38294373e-03, 1.82429538e-03, 1.80305750e-03,
       2.21912260e-03, 3.93853709e-03, 3.54089052e-03, 1.52632571e-03,
       -1.02729326e-04, 2.90360651e-04, -1.66943111e-02, -2.53505632e-03,
       -8.46279727e-04, 1.65842718e-03, 1.56979030e-03, 1.32453290e-03,
       2.57900241e-03, -6.49320282e-05, -6.70431938e-04, -1.84773505e-02,
       -2.80252472e-03, -6.54806325e-04, 1.19477184e-03, 2.72174040e-03,
       5.36828628e-03, 8.68978724e-03, 1.80945557e-03, 9.32354480e-03,
       -9.76072811e-03, 2.91959755e-03, 6.55370299e-03, 9.69722401e-03,
       6.11947523e-03, -7.72527652e-04, -1.20630208e-03, -5.53588849e-03,
       6.06858684e-03, -6.86675962e-03, 7.47722108e-03, 9.52481478e-03,
       9.97513998e-03, 1.40215876e-03, 5.05017757e-04, -4.11116373e-04,
       -3.88136576e-03, -1.72483537e-03, -1.22211706e-02,
       -2.74461163e-05, 2.85150018e-03, 2.58680293e-03, 2.58761109e-03,
       4.84651770e-04, 8.83899629e-04, -6.75225572e-04, -2.96357297e-03,
       -1.20755993e-02, -4.09123115e-03, -3.49494279e-04,
       -2.60887970e-03, 3.20242951e-04, -2.89509119e-03, -1.83441804e-03,
       -5.70654310e-03, 6.10591797e-03, -9.40347963e-04, 1.45790335e-02,
       1.19830873e-02, 1.00707673e-02, 2.06749421e-03, -1.32908660e-03,
       8.78036721e-04, -3.09943222e-04, 1.91808154e-03, -7.93754309e-03,
       -4.84173506e-04, -9.04162007e-04, -1.24870415e-03,
       -2.49676500e-03, 4.60207928e-03, 2.78288242e-03, 3.86197702e-03,
       -3.85584077e-03, -6.99351542e-03, -2.80546886e-03, 4.50181263e-03,
       1.22825115e-03, 4.57174191e-03, -1.06035755e-03, -2.10940116e-03,
       -2.42833956e-03, -5.74755808e-03, -6.67333696e-03,
       -2.47490499e-03, 7.69888284e-04, -2.46053241e-04, -4.51453525e-04,
       4.68643382e-03, 4.37324401e-03, 2.87508103e-03, -3.15215148e-04,
       -5.67961764e-03, 4.08822671e-04, 2.67382059e-03, 3.69750289e-03,
       4.56471415e-03, 3.40732653e-03, 1.62830853e-04, -3.44956736e-03,
       -3.26470635e-03, -5.08349342e-03, -2.70953227e-04, 4.47910232e-03,
       5.82956197e-03, 4.55368636e-03, 2.09357869e-03, -2.87899602e-04,
       -2.76055973e-04, 2.29053642e-03, -5.15398011e-03, -2.72724102e-03,
       -3.53517564e-04, -1.83606357e-03, 1.19027589e-03, 5.36781037e-03,
       1.55167910e-03, 5.86064439e-03, 2.92280893e-04, 4.84880671e-04,
       -4.23360756e-03, -3.14410077e-03, -2.91410810e-03, 3.51989758e-03,
       -1.88889168e-03, -6.79605291e-04, -9.17348021e-04,
       -6.37924590e-04, 2.42315885e-03, -2.22413195e-03, 3.16396402e-03,
       -2.43815361e-03, -2.63423752e-03, 3.21767991e-03, 4.47985157e-03,
       5.26908925e-03, 3.02516529e-03, 1.75985810e-03, -7.86446850e-04,
       -1.71228603e-03, -3.72301717e-03, -1.73854281e-03,
       -3.70859914e-03, -1.46734907e-04, 1.20724889e-03, 1.55727181e-03,
       -4.26455354e-03, -1.60994788e-03, -3.55067151e-03,
       -3.05083860e-03, -5.09291142e-03, 3.20441299e-03, 5.82572073e-03,
       2.08488153e-03, 9.87938046e-03, -3.82038765e-03, 7.45981559e-03,
       5.22295013e-04, -6.32434094e-04, -1.93733640e-03, -4.04134765e-03,
       1.54733041e-03, 8.33970902e-04, 4.48175380e-03, -2.15658010e-03,
       2.31035776e-03, -5.03717735e-03, -5.40739484e-03, -6.89658662e-03,
       3.45916371e-03, 6.63460698e-03, 4.91928961e-03, 1.05179651e-02,
       -4.93896939e-03, 1.09727308e-02, -6.76377036e-04, -2.54138745e-03,
       -3.03815189e-03, 6.57492725e-04, 8.19571025e-04, -4.41656634e-03,
       8.21180549e-03, -4.91163926e-03, 5.14546782e-03, 1.64254848e-03,
       4.78904368e-03, -6.33562042e-04, -3.25853052e-03, -1.65574695e-03,
       -8.64058547e-03, 9.31556150e-03, -2.41163792e-03, 7.06221862e-03,
       3.26110097e-03, 4.45819879e-03, -3.60441417e-03, 2.93275854e-03,
       3.01668770e-03, -1.20514177e-03, 6.89621177e-03, -5.31020341e-03,
       5.36759244e-03, -3.96879716e-03, 9.29356087e-04, 1.11051113e-03,
       1.35847414e-03, 2.42783362e-03, -2.07821140e-03, 8.83851200e-03,
       -2.72738328e-03, 3.75739159e-03, -6.63000625e-03, 3.16097611e-03,
       5.52463811e-03, -5.74002368e-03, -1.60793832e-03, -6.31882902e-03,
       1.07497526e-02, 1.83911331e-03, 1.05342995e-02, -1.28371606e-03,
       -1.03659881e-03, -5.97150438e-03, -5.32439211e-03,
       -1.89405959e-03, -4.18471545e-03, 7.92942662e-03, -8.46125465e-03,
       -2.09505903e-03, -5.74836694e-03, -3.68928281e-03,
       -6.09332230e-03, -1.45872089e-03, 9.19553742e-04, -4.64716228e-03,
       7.40169454e-03, 2.51751230e-03, 6.92975102e-03, -3.81678366e-03,
       7.81926885e-03, 7.55647570e-03, -4.61908616e-03, -3.49459541e-03,
       -6.25554612e-03, 4.58989292e-03, -7.60999741e-03, -2.39321776e-03,
       1.09963957e-03, 1.03810234e-02, 3.73977865e-03, 2.32734601e-04,
       -2.65624403e-04, -9.62294929e-04, 5.09095239e-03, -2.71484372e-03,
       -3.84872872e-03, 5.93539095e-04, 1.51806255e-03, 1.68074504e-03,
       -8.22145375e-04, -2.75587547e-03, -4.20003105e-03,
       -7.06173829e-04, -6.24647085e-03, -5.39483735e-04, 3.79834580e-03,
       4.74363938e-03, 4.58145805e-04, -3.08416726e-04, -3.24404705e-03,
       -4.19993605e-03, 4.90757544e-03, -1.51314703e-03, 8.85710760e-04,
       1.15752844e-02, 1.34497127e-02, 5.66290505e-03, -1.39683671e-03,
       -2.27879081e-03, -4.73133661e-03, -1.73453853e-04,
       -4.58681397e-03, 3.16621299e-04, 8.89396388e-03, 7.79841607e-03,
       -2.01672711e-03, -4.24442906e-03, -1.97309582e-03,
       -1.20128097e-03, -1.79484696e-03, -1.60923264e-05,
       -2.08304613e-03, 2.96325161e-04, -2.44865217e-03, -5.39813749e-03,
       -1.47158571e-03, 4.44811163e-03, 4.78808535e-03, 6.91101979e-03,
       1.85637875e-03, 1.64020131e-03, -2.17173569e-04, -1.56094413e-03,
       -4.27728193e-03, -3.29289632e-03, -2.24244222e-03,
       -1.30098755e-03, -1.79119263e-04, -1.80532713e-03,
       -3.63703747e-03, -5.94975194e-04, 1.24427106e-03, -2.50722934e-03,
       -6.84652128e-04, -6.30017719e-04, 2.36947439e-03, 1.00540975e-02,
       5.13997045e-04, 4.52958513e-03, 1.95658929e-03, 3.10481037e-03,
       -6.25889516e-04, -2.87671777e-04, 5.54150343e-03, 2.09129346e-03,
       7.75673985e-03, 3.07229900e-04, 2.56658997e-03, -1.68336672e-03,
       -1.23299204e-03, -3.83956591e-03, 8.31952598e-03, 9.79926530e-03,
       4.81594354e-03, 6.88211760e-03, -4.60449234e-03, 8.71221162e-03,
       3.01140198e-03, 2.22560228e-03, 1.06775481e-03, -5.26060176e-04,
